000101
000067
000104
000142
000217
000095
000082
000169
000206
000172
000160
000096
000209
000068
000166
000086
000100
000038
000024
000192
000127
000029
000019
000145
000149
000066
000065
000005
000156
000056
000097
000138
000079
000214
000188
000031
000012
000035
000028
000042
000125
000098
000153
000051
000128
000187
000076
000041
000197
000078
000134
000026
000150
000178
000132
000002
000077
000046
000137
000112
000090
000085
000151
000036
000129
000061
000022
000148
000111
000033
000011
000213
000176
000006
000027
000180
000210
000154
000004
000032
000123
000162
000130
000203
000124
000010
000062
000158
000163
000183
000000
000212
000193
000070
000173
000064
000044
000147
000040
000133
000023
000168
000164
000081
000039
000186
000047
000094
000171
000043
000155
000003
000105
000053
000143
000199
000174
000204
000049
000080
000034
000007
000110
000091
000083
000195
000200
000089
000008
000013
000059
000190
000141
000017
000072
000194
000144
000185
000202
000063
000054
000107
000050
000184
000215
000179
000058
000048
000088
000021
000057
000170
000211
000139
000037
000167
000207
000001
000052
000159
000140
000161
000103
000099
000126
000087
000074
000131
000218
000020
000198
000071
000106
000014
000092
000189
000102
